+7 916 294 03 16
+420 776593726
+79152485783
89148806767
89504573277
8-915-017-17-20
+79175326110
89520860021
+74202286913
89046074371
88005553535
8953680959три
+79518620065
79627072754
8913372281488
+7 (999) 983-11-71
89539066259
89165631218
+79032311016
+2283221488
+7925 359 53 22
+7 342 923 1232
8-(800)-200-01-22
9999966666699999
88005553535
89289344881
89538672342
+61 468 667 052
+375291194539
89874921937 
+79253595322
1-213-373-4253
89376614830
89199947064
+375447583250
+79002936858
89048495496
88005553535
89875941905
+88005553535
89152282282
8 800 555 35 35
89647236543
89121834785
89373297859
+375256362764
88005553535
79854823966
79068330007
+79523636298
89031488228
89301631244
8965985705*
7 (812) 971-27-97
89013453245
89610766280
+971 55 406 2742
+375298584722
89057670968
380952309520
89625316096
268-08-66, 268-04-55 
+375291961997
88001488228
88005553535
 +79253595322
89037518307
+380955009803
+1 800-769-2553
+79092527808
89771488228
8966666666
89874160564
+7(800) 100-33-53
0974186727
8(800)555-35-35
89243571946
88005553535
79158085790
+79775705286
+375336687349
89898989898989
89774748720
88005553535
89879069546
89674850359
89301185354
89152531201
89771015242
+79253595322
375295826548
89189734703
+77012065345
88005553535
+375447678779
00000000000000
79834209809
89148930323
88005553535
+375298248211
89654603648
89158444453
89241234567
89165610931
+79114729617
89204*42607
89159405252
375336748259
89528872530
79651443331
89608036961
+79253595322
+375333468800
+79787717102
89607507030
+79152047301
+79920205545
89528993388
9996901759
+1 (786) 519-3708
89218945189
89115727178
89029636848
+79219794053
89116271961
89059080035
89050532348
+13372283221488
+380975884049
8 909 189 81 67
89679050351
89633038151
+79266482108
(800) 555-0199
89120534950
89512774555
375333604136
89113342607
8 (666) 666 13 13
89045299661
89200492988
79120502383
+79197198290
88005353535
+79103212166
89114334858
89064889991
89803486525
+88005553535
89122283432
89224050961
+79639628009
89377269416
+79228066290
+420-355-445-599
+79253595322
8 800 555 35 35
89143560959
8-809-505-69-62
89649137533
+79023143447
89058204073
6-666-666-66-66
8-925-825-74-77
 8-800-2000-122
89089470798
+1 234 693-12-03
89138150734
89253095487
1-213-373-4253
89279336164
88005553535
88005553535
89174286041
+79648743597
+380102413371939
89811916224
8928-228-14-88
88005553535
89126398655
+7 (495) 151 85 72
8 800 555 35 35
1227070407327
375447868668
r4654653563535
89609666677
89044820973
89513553621
+77776487447
89508992450
89052802857
+7984555144
8-800-555-3535
814882281337
89153251404
89617628177
+79377512004
88005553535 Лучше позвон
+79044629911
+79253595322
88005553535
79301151744
+375 29 94 63 647
89851171754
89101534463
+79381130177
89042624871
89046761627
+79299958437
89031770299
89049731150
+393248978687
+1 281-636-7025
89825603489
79821072974
+375447579121
88005553535
+375(29)601-45-58
89254801018
88005553535
+79821695400
89250424720
+77777777777
89132873675
8-927-90-78-751
+79057749792
89006739147
+77052161456
79294078030
+7(905)-242-53-93
88005553535
123445678910
88005553535 
822813371488
89142281337
+79517406267
89193015575
89171949488
89144240971
+79614645689
88005553535
+79030918168
+375297330740
+7925 359 53 22
89132353354
+77752769695
89963126169
+89243802946
+7 910 888 88 89
814882281337
89308311060
+79252770836
89095689652
89819513431
77775876095
89187253254
+7(919)-722-98-34
+7 (996) 620-39-00
88005553535
+79536591067
8-953-749-98-24 Tele2
8920546576
79154438006
89253595322
89686194660
89278884020
89670632149
+375445135869
89524810032
+79245638692
89021313201
88005553535
89513130829
896837890*2
89146586941
88005553535
79680906887
+79371363580
79146648297
+380957057502
89098840950
79371814461
+17123804091
89826405065
8-800-555-3535
89637817030
89965752935
+79111381724
89111488228
88005553535
89666666666
89198536648
89833601048
+79022754318
88005553535
88005553535
+79376023914
37368928164
89270860145
а вот 89193687816 звонит
88005553535
89775127661
380970203087
88005553535
89397331461
+380947112571
+79636459039
+79873923246
+79253595322
89996293227
+79532996082
89017121060
8101+282+47+55=Иди Нахуй
87477447778
79376131399
+79512095852
8805553535
88005553535
89829177099
89280529884
89009461408
89771401320
89146163646
+79019043090 
79130101448
88005553535
+1 (786) 530-6136
+1 8384 763 646
89996043751
+7 (983)-114-4746
88005553535
88005553535
87771721946
+79(11)22-81-488
82-2-3449-6481“9
89777759294
+7 (925) 711-91-37
892036891191
+79252281488
89179001392
8800553555
86662281488
89137024342
+79660106794
89869074530
8 900 33 221 123
89053083343
89778273799
+15154930989
89012281488
89199304934
89882022894
+375445437837
89091198661
88005553535
17291769175717061732
+375291488220
+79264718507
+17753781281
89656005260
7963803639 
+87075411516
+48-666-228-69-3
